 "V1" "V2" "V3" "V4" "V5" "V6" "V7" "V8" "V9" "V10" "V11" "V12" "V13" "V14" "V15" "V16" "V17" "V18" "V19" "V20"
"1" 0.124362483791961 0.0114104595879556 0.0191903183979254 0.0835902607693416 0.0154444604523844 0.232848292753206 0.0552081832588964 0.0808529030399078 0.0369111079095231 0.0250972482351246 0.00881717331796571 0.000893243048552082 0.000893243048552082 0.00233395764299092 0.00780867310185852 0.0625558276905345 0.0667339000144071 0.00579167266964414 0.0369111079095231 0.122345483359746
"2" 0.115774971297359 0.0122158438576349 0.0191044776119403 0.0797244546498278 0.01451205510907 0.162158438576349 0.0326521239954076 0.091435132032147 0.0197933409873708 0.000275545350172216 0.0126750861079219 0.074902411021814 4.59242250287026e-05 0.000505166475315729 0.00601607347876005 0.0868427095292767 0.0468886337543054 4.59242250287026e-05 0.0735246842709529 0.150907003444317
"3" 0.142867981790592 3.79362670713202e-05 0.00933232169954477 0.10834597875569 0.0294385432473445 0.140022761760243 0.0328528072837633 0.0484066767830046 0.0370257966616085 0.021092564491654 0.00345220030349014 0.0231790591805766 0.00383156297420334 3.79362670713202e-05 0.125227617602428 0.0590288315629742 0.0533383915022762 3.79362670713202e-05 0.123141122913505 0.0393019726858877
"4" 0.110838624917889 4.37924239106635e-05 0.027195095248522 0.0797460039413181 0.0245675498138822 0.160543026056492 0.0210641559010291 0.0893803372016641 0.0381432012261879 0.018217648346836 0.00573680753229691 0.072082329756952 0.000919640902123933 4.37924239106635e-05 0.00245237573899715 0.0911320341580907 0.0370483906284213 0.00332822421721042 0.0659513904094592 0.151565579154806
"5" 0.140827377084687 0.00545808966861598 0.0193199047000217 0.123933290015161 0.0256010396361274 0.16443578081005 0.0214858132986788 0.0938271604938272 0.0351310374702188 0.0134719514836474 0.00978990686593026 0.0565735325969244 0.00134286333116742 4.33181719731427e-05 0.00654104396794455 0.0834307992202729 0.0661035304310158 4.33181719731427e-05 0.0879792072774529 0.0446610353043102
"6" 0.13602891348543 0.000271063925909194 0.0370905805285747 0.119765077930879 0.0172125592952338 0.149130336571041 0.0407047662073639 0.093110458549808 0.0334763948497854 0.000271063925909194 0.0248927038626609 0.0691664784278292 0.00162638355545516 0.000948723740682178 4.51773209848656e-05 0.080009035464197 0.066229952563813 0.00117461034560651 0.0915292523153377 0.037316467133499
"7" 0.0958922866271109 0.00826106800547695 0.0281150159744409 0.078776814240073 0.0224098585120949 0.152715654952077 0.0176175262437243 0.0828845276129621 0.0427202190780466 0.0176175262437243 0.00894568690095847 0.042035600182565 0.00164308534915564 4.56412596987677e-05 0.00826106800547695 0.139936102236422 0.0995435874030123 0.00346873573710634 0.116202647193063 0.0329073482428115
"8" 0.159754289345478 0.00830332556661724 0.00745604744757467 0.118025841982631 0.0597754712984537 0.130735013768269 0.0157170091082398 0.0887947468756619 0.0368989620843042 0.0133869942808727 0.0110569794535056 0.0604109298877356 4.23639059521288e-05 0.00216055920355857 0.0150815505189578 0.0678246134293582 0.0854056343994916 0.0210124973522559 0.0845583562804491 0.0135988138106333
"9" 0.129763174738639 4.26712182632814e-05 0.0179645828888415 0.0870919564753574 0.0623426498826541 0.168167271175592 0.0096436953275016 0.0659697034350331 0.0284190313633454 0.0207382120759548 0.00772349050565394 0.053381694047365 4.26712182632814e-05 0.00260294431406017 0.00516321740985705 0.059142308512908 0.141284403669725 4.26712182632814e-05 0.126349477277576 0.0141241732451462
"10" 0.144767932489451 0.00405063291139241 0.0527848101265823 0.0882278481012658 0.0268354430379747 0.159746835443038 0.0105907172995781 0.0960337552742616 0.03042194092827 0.000253164556962025 0.0160759493670886 0.069873417721519 0.000886075949367089 4.21940928270042e-05 0.00341772151898734 0.0673417721518987 0.138227848101266 0.00932489451476793 0.0635443037974684 0.0175527426160338
"11" 0.120848668542975 0.00264126434293137 0.0177960597531933 0.0513531067330591 0.108075340982897 0.189478242043732 0.0249404633037454 0.0790647326261096 0.0290539077722451 0.0264559428447716 0.00610521757956268 0.0840441654037671 0.000692790647326261 4.32994154578913e-05 4.32994154578913e-05 0.056982030742585 0.0825286858627409 0.0126001298982464 0.0803637150898463 0.0268889369993505
"12" 0.117393218846323 4.40334654337296e-05 0.0101717305151915 0.104623513870542 4.40334654337296e-05 0.180361074416557 0.0117129018053721 0.129062087186262 0.0236019374724791 0.0132540730955526 0.00907089387934831 0.00180537208278291 0.00554821664464993 4.40334654337296e-05 0.0103918978423602 0.080625275209159 0.0539850286217525 0.00642888595332453 0.183663584324086 0.0581682078379568
"13" 0.0969963112594414 0.00881784647813104 0.0330581415773757 0.117372211487792 0.0107500439135781 0.170946776743369 0.00829088354119094 0.120182680484806 0.0249780432109608 0.0265589320217811 0.012155278412085 0.00811522922887757 0.00179167398559635 3.51308624626735e-05 0.0269102406464079 0.0602845599859477 0.112980853679958 0.00214298261022308 0.134059371157562 0.0235728087124539
"14" 0.149081129538324 0.00183774092335276 0.0316450022411475 0.101344688480502 0.0134917077543702 0.149977588525325 0.0105782160466159 0.125997310623039 0.022008068130883 0.0215598386373823 0.00340654415060511 0.00363065889735545 4.48229493500672e-05 0.00318242940385477 0.0027341999103541 0.0648139847601972 0.103585835948005 0.00452711788435679 0.145719408337069 0.0408337068579112
"15" 0.111494755244755 0.00791083916083916 0.0339160839160839 0.10777972027972 0.0843968531468531 0.169187062937063 0.0199300699300699 0.088986013986014 0.0153409090909091 0.0166520979020979 0.0114073426573427 0.00550699300699301 0.00266608391608392 4.37062937062937e-05 4.37062937062937e-05 0.0909527972027972 0.0868006993006993 0.0181818181818182 0.0942307692307692 0.0345716783216783
"16" 0.14543152563832 0.011437012027854 0.0188225364000844 0.177927832876134 0.0224097910951678 0.200717450939017 0.0139691918126187 0.0998522895125554 0.0601814728845748 0.0192445663642119 0.00341844270943237 0.000253217978476472 4.22029964127453e-05 4.22029964127453e-05 0.00784975733277063 0.104494619117957 0.0504747837096434 0.000253217978476472 0.044566364211859 0.0186115214180207
"17" 0.111343729972228 0.00474257637256996 0.0352916043580431 0.106002990813929 0.0485366374706259 0.135483870967742 0.00880153813287759 0.0848536637470626 0.0399914548173467 0.026105533005768 0.00944242683187353 4.27259132663961e-05 4.27259132663961e-05 4.27259132663961e-05 0.0135013885921812 0.0927579577013459 0.101944029053621 0.00623798333689383 0.0925443281350139 0.0822901089510788
"18" 0.130845986984816 0.0145770065075922 0.0696746203904555 0.111106290672451 0.0384381778741865 0.188763557483731 0.0128416485900217 0.0909327548806941 0.036702819956616 0.0113232104121475 0.00676789587852495 0.0006941431670282 0.00524945770065076 4.33839479392625e-05 0.0169631236442516 0.106984815618221 0.0416919739696312 0.00459869848156182 0.0688069414316703 0.0429934924078091
"19" 0.178812473302008 0.0186245194361384 0.0260999572832123 0.136095685604443 0.0231097821443827 0.129901751388296 0.0162750961127723 0.0833404527979496 0.0624092268261427 0.0107219137120889 0.0115762494660402 0.00239214011106365 0.00751815463477147 0.000256300726185391 0.0137120888509184 0.0758650149508757 0.0720205040580948 0.0164886800512601 0.110038445108928 0.00474156343442973
"20" 0.135131635735865 4.31592576607682e-05 0.133621061717738 0.0908933966335779 0.0898144151920587 0.187785930082003 0.00500647388864912 0.0753560638757013 0.0762192490289167 0.00953819594302978 0.00630125161847216 0.00241691842900302 4.31592576607682e-05 4.31592576607682e-05 0.00845921450151057 0.0585239533880017 0.0725507121277514 0.000906344410876133 0.029607250755287 0.0177384548985757
"21" 0.132503220266209 0.00455130957492486 0.0146414770287677 0.156547874624302 0.0530699871189352 0.146457707170459 0.00133104336625161 0.0824817518248175 0.105452984113353 0.0101331043366252 0.00691283812795191 0.00240446543580936 0.00691283812795191 4.293688278231e-05 4.293688278231e-05 0.111034778875054 0.0678832116788321 0.0172176899957063 0.050279089738085 0.0300987548303993
"22" 0.133090909090909 0.0130909090909091 0.0291336898395722 0.063572192513369 0.0278502673796791 0.223572192513369 0.0220748663101604 0.103358288770053 0.132663101604278 0.0203636363636364 0.0269946524064171 0.00346524064171123 0.00239572192513369 0.00025668449197861 0.00025668449197861 0.0785454545454545 0.0552299465240642 4.27807486631016e-05 0.0192941176470588 0.0447486631016043
"23" 0.166498740554156 0.00759865659109992 0.0269101595298069 0.0821158690176322 0.0155751469353484 0.134592779177162 0.0132661628883291 0.0760285474391268 0.106045340050378 0.0185138539042821 0.0073887489504618 4.19815281276239e-05 0.013056255247691 4.19815281276239e-05 0.00445004198152813 0.134382871536524 0.099328295549958 0.000461796809403862 0.0353064651553317 0.0583963056255248
"24" 0.178092461474386 0.00545605997501041 0.029612661391087 0.0958350687213661 0.0177426072469804 0.137900874635569 0.0219075385256143 0.092503123698459 0.131445231153686 0.0148271553519367 0.00857975843398584 4.1649312786339e-05 0.0123281965847564 0.0058725531028738 0.0060807996668055 0.0839650145772595 0.0987505206164098 0.00566430653894211 0.028987921699292 0.0244064972927947
"25" 0.167905405405405 4.22297297297297e-05 0.0243243243243243 0.108361486486486 0.0148226351351351 0.140456081081081 0.0108108108108108 0.094214527027027 0.148690878378378 0.0112331081081081 0.00532094594594595 0.000253378378378378 0.0205236486486487 0.00109797297297297 0.00658783783783784 0.110684121621622 0.0760557432432432 4.22297297297297e-05 0.040160472972973 0.0184121621621622
"26" 0.112420785804816 0.000464723278411491 0.0192648922686946 0.11263202365864 0.0758766370933671 0.138825517532742 0.0103929024081115 0.0636248415716096 0.109252217997465 0.0118715673848754 0.00130967469370511 0.00173215040135192 0.0429235318969159 0.00215462610899873 4.2247570764681e-05 0.195437262357414 0.0465145754119138 0.011660329531052 0.0129277566539924 0.0306717363751584
"27" 0.130386930352537 0.00192605331040413 0.0163714531384351 0.0841272570937231 0.0851590713671539 0.135889939810834 0.00605331040412726 0.0794840928632846 0.104763542562339 0.010524505588994 0.00880481513327601 0.00158211521926053 0.0323645743766122 0.00742906276870163 3.43938091143594e-05 0.153602751504729 0.0870507308684437 0.00742906276870163 0.0148237317282889 0.0321926053310404
"28" 0.166781263429308 0.0180919639020198 0.0286205414697035 0.137344220025784 0.0135797163730125 0.101461108723679 0.0316287064890417 0.109626128061882 0.154533734422003 0.0185217017619252 0.00971207563386334 0.00605930382466695 0.00240653201547056 0.000257842715943275 0.00369574559518694 0.0883541039965621 0.0672969488611947 0.000257842715943275 0.0174473571121616 0.0243231628706489
"29" 0.105391382810738 4.51161741484322e-05 0.0187683284457478 0.0999774419129258 0.0544101060230092 0.183667944958268 0.0151590345138732 0.0611775321452741 0.101330927137379 0.0311752763365667 0.00884277013309271 0.000496277915632754 0.0541845251522671 4.51161741484322e-05 0.0300473719828559 0.14734942476878 0.0532822016692984 0.0065869614256711 0.0153846153846154 0.0126776449357095
"30" 0.136357716518342 0.00373344909919687 0.0202300846537877 0.147427827219449 0.0388973301497721 0.143086607336662 0.0111135228999349 0.0729759062296505 0.116171044063382 0.0317343173431734 0.00373344909919687 0.00286520512263946 0.0438897330149772 0.00525287605817235 4.34121988278706e-05 0.0920772737139136 0.0621228565226829 0.00481875406989364 0.0336878662904276 0.0297807683959193
"31" 0.119439655172414 0.00564655172413793 0.0222413793103448 0.100905172413793 0.0187931034482759 0.166853448275862 0.0090948275862069 0.0935775862068965 0.106293103448276 0.0239655172413793 0.0256896551724138 4.31034482758621e-05 0.09875 0.00823275862068966 0.00758620689655173 0.0683620689655172 0.0625431034482759 4.31034482758621e-05 0.0155603448275862 0.0463793103448276
"32" 0.119410745233969 0.00935875216637782 0.0212738301559792 0.095580589254766 0.0258232235701906 0.174436741767764 0.0119584055459272 0.0916811091854419 0.0726169844020797 0.0206239168110919 0.0121750433275563 4.33275563258232e-05 0.128076256499133 4.33275563258232e-05 4.33275563258232e-05 0.062001733102253 0.0999133448873483 4.33275563258232e-05 0.022790294627383 0.032105719237435
"33" 0.136900287419854 0.00623479991156312 0.0199425160291842 0.0935662171125359 0.0272385584788857 0.122308202520451 0.0108777360159186 0.131372982533717 0.0555383594959098 0.0155206721202742 0.00800353747512713 4.42184390891002e-05 0.153924386469158 4.42184390891002e-05 4.42184390891002e-05 0.0464735794826443 0.0657086004864028 0.00225514039354411 0.0259120053062127 0.0780897634313509
"34" 0.144766050054407 0.00722524483133841 0.0109249183895539 0.104287268770403 0.0255059847660501 0.143242655059848 0.0011316648531012 0.0973231773667029 0.039651795429815 0.0350816104461371 4.3525571273123e-05 0.00396082698585419 0.167616974972797 0.00613710554951034 4.3525571273123e-05 0.0829597388465724 0.0744722524483134 4.3525571273123e-05 0.0246354733405876 0.0309466811751904
"35" 0.108525202240199 0.00336029869321717 0.0438083385189795 0.0906865795478117 0.0599875544492844 0.155610869114292 0.00336029869321717 0.066210329807094 0.0676623107239162 0.0359261563990873 0.00128604024061398 4.14851690520639e-05 0.132171748599876 0.00564198299108069 4.14851690520639e-05 0.134660858742999 0.0738850860817258 0.00128604024061398 0.000871188550093342 0.0149761460277951
"36" 0.122439236111111 0.000260416666666667 0.0254340277777778 0.0937934027777778 0.0310763888888889 0.191015625 0.0102430555555556 0.0827256944444444 0.0512586805555556 0.0625434027777778 0.000911458333333333 0.00134548611111111 0.107899305555556 0.0015625 0.0108940972222222 0.0651475694444444 0.0497395833333333 4.34027777777778e-05 0.0137152777777778 0.0779513888888889
"37" 0.135759819041744 0.00333127698951265 0.0290355747480979 0.0798272671190623 0.0397285626156693 0.170100760847214 0.00312564260744396 0.0498046473370347 0.0452806909315237 0.0792103639728563 0.00991157721571047 4.11268764137364e-05 0.156940160394818 0.00148056755089451 0.0206045650832819 0.0598807320584002 0.0750976763314826 0.000246761258482418 0.0148468023853588 0.025745424634999
"38" 0.153553465996064 4.37349661054013e-05 0.0361250820030614 0.191602886507763 0.0142575989503608 0.133435381587579 0.0225672425103871 0.0735184780231795 0.0411546031051826 0.105226328449595 0.00113710911874043 0.00223048327137546 0.0365624316641155 4.37349661054013e-05 0.0328449595451564 0.0652088344631533 0.055587141919965 0.00310518259348349 0.0186310955609009 0.0131642247977258
"39" 0.110854341736695 0.000210084033613445 0.0163165266106443 0.0908963585434174 0.0355742296918767 0.132563025210084 0.00721288515406163 0.108228291316527 0.0502801120448179 0.188235294117647 0.00913865546218487 0.00406162464985994 0.0147408963585434 0.00161064425770308 0.0115896358543417 0.0438025210084034 0.0746148459383753 0.00336134453781513 0.0285714285714286 0.0681372549019608
"40" 0.10170148610812 4.30755976739177e-05 0.0235192763299591 0.134869696317036 0.177945293990954 0.177299160025845 0.0200732285160457 0.0747792375619212 0.039241869480939 0.0551798406202886 4.30755976739177e-05 0.00327374542321775 0.00628903726039199 0.0080120611673487 0.009950463062675 0.097393926340728 0.0433340512599612 0.00478139134180487 0.0103812190394142 0.0118888649580013
"41" 0.125120274914089 0.00432989690721649 0.0321649484536082 0.0912714776632303 0.032680412371134 0.114123711340206 0.0218556701030928 0.102268041237113 0.0534707903780069 0.217731958762887 0.00948453608247423 0.000549828178694158 0.000206185567010309 0.0022680412371134 0.00312714776632302 0.0503780068728522 0.0840549828178694 0.000378006872852234 0.0278694158075601 0.0266666666666667
"42" 0.111730395333765 0.00717217541585656 0.0469215813350616 0.13700583279326 0.0222942320155541 0.186908619572262 0.0289911427954202 0.0959602505940808 0.0307193778353856 0.144566861093109 0.00609202851587816 4.32058759991359e-05 0.000259235255994815 4.32058759991359e-05 0.00954849859580903 0.0713329012745733 0.049297904515014 0.0104126161157917 0.0205659969755887 0.0201339382155973
"43" 0.0986581469648562 0.00238551650692226 0.0741640042598509 0.0607454739084132 0.0305005324813632 0.152545260915868 0.0224068157614483 0.146368477103301 0.0134611288604899 0.208136315228967 0.00281150159744409 0.00494142705005325 0.000255591054313099 0.00366347177848775 4.25985090521832e-05 0.0236847710330138 0.0724600638977636 0.00132055378061768 0.030926517571885 0.0505218317358892
"44" 0.134465916330431 4.24718623911659e-05 0.0157570609471225 0.100276067105543 0.0399660225100871 0.222807390104056 0.008961562964536 0.0854109152686345 0.0346570397111913 0.159736674453175 0.00110426842217031 0.00216606498194946 0.00237842429390529 0.008961562964536 0.000679549798258654 0.0382671480144404 0.0807390104056063 0.000254831174346995 0.0316840093438097 0.0316840093438097
"45" 0.14117900172117 4.30292598967298e-05 0.0159638554216867 0.14763339070568 0.0297332185886403 0.188080895008606 0.0151032702237522 0.0706110154905336 0.0355421686746988 0.139457831325301 4.30292598967298e-05 0.00843373493975904 4.30292598967298e-05 0.0123063683304647 0.00843373493975904 0.0759896729776248 0.0559810671256454 0.0125215146299484 0.0187607573149742 0.0241394148020654
"46" 0.0939983443708609 0.00107615894039735 0.0639900662251656 0.0832367549668874 0.157119205298013 0.150289735099338 0.0261175496688742 0.118211920529801 0.0567466887417219 0.0641970198675497 4.13907284768212e-05 0.00728476821192053 4.13907284768212e-05 4.13907284768212e-05 0.0165976821192053 0.0319122516556291 0.0482615894039735 0.00190397350993377 0.0155629139072848 0.0633692052980132
"47" 0.161054679057705 0.0162524313810244 0.00803976658742166 0.117397881996974 0.0240328506591744 0.145277717743678 0.00674303004106332 0.122152582666955 0.0374324616382105 0.113291549600173 0.000907715582450832 0.0391614437000216 4.32245515452777e-05 0.0091203803760536 0.0166846768964772 0.0516965636481522 0.0631510698076507 0.000475470066998055 0.0231683596282689 0.0439161443700022
"48" 0.117731711495631 0.00603049511735481 0.0161384272742847 0.103512078122323 0.0147678602021586 0.161589857803666 3.42641768031523e-05 0.166215521672092 0.0209354120267261 0.112249443207127 0.00500256981326024 0.04543429844098 3.42641768031523e-05 0.00860030837759123 0.0175089943464108 0.0615384615384615 0.0577694020901148 0.000548226828850437 0.0288161726914511 0.0555422305979099
"49" 0.116385435168739 4.4404973357016e-05 0.00714920071047957 0.114165186500888 0.0684280639431616 0.200976909413854 0.000932504440497336 0.125932504440497 0.0240230905861456 0.0890763765541741 4.4404973357016e-05 0.0950710479573712 4.4404973357016e-05 0.00648312611012433 0.0180284191829485 0.055550621669627 0.05 0.00226465364120782 0.00648312611012433 0.0189165186500888
"50" 0.0711485870556062 0.00278030993618961 0.0353691886964448 0.0791248860528715 0.0310391978122151 0.181449407474932 0.00346399270738377 0.109206927985415 0.0232907930720146 0.126982680036463 0.000273473108477666 0.0681859617137648 0.00072926162260711 0.00437556973564266 0.0276207839562443 0.0866453965360073 0.0850501367365542 0.0201002734731085 0.00802187784867821 0.0351412944393801
"51" 0.140830511495277 0.00181785777936197 0.00894671181607557 0.0593833541258243 0.0192835501693103 0.136731420424167 0.00556050614863661 0.20659418998396 0.0383532347175192 0.075245054357512 0.00894671181607557 0.0923543040456247 0.00181785777936197 0.000748529673854928 0.0105507039743361 0.0387096774193548 0.0732846194974158 3.5644270183568e-05 0.010728925325254 0.0700766351808947
"52" 0.133823857302118 0.00361204013377926 4.45930880713489e-05 0.0852173913043478 0.0488740245261984 0.189565217391304 0.00784838350055741 0.122898550724638 0.0406243032329989 0.0647045707915273 0.0183277591973244 0.0965886287625418 4.45930880713489e-05 0.00584169453734671 0.0205574136008919 0.0582385730211817 0.0502118171683389 4.45930880713489e-05 0.0203344481605351 0.0325975473801561
"53" 0.122968601332065 0.00213130352045671 0.0190675547098002 0.0481826831588963 0.102416745956232 0.133625118934348 0.0137392959086584 0.0959467174119886 0.014500475737393 0.0744433872502379 3.80589914367269e-05 0.0772978116079924 0.00346336822074215 0.00898192197906755 0.100323501427212 0.0481826831588963 0.0909990485252141 0.00308277830637488 0.0158325404376784 0.0247764034253092
"54" 0.138896247240618 0.00291390728476821 0.00467991169977925 0.0967328918322296 0.0693598233995585 0.133156732891832 0.00158940397350993 0.158101545253863 0.0362472406181015 0.048167770419426 0.00467991169977925 0.12476821192053 0.00379690949227373 4.41501103752759e-05 0.0232229580573951 0.0488300220750552 0.0781898454746137 0.00203090507726269 0.0119646799116998 0.0126269315673289
"55" 0.142516447368421 0.00189144736842105 0.0160773026315789 0.0711759868421053 0.0880345394736842 0.181990131578947 0.0175164473684211 0.112294407894737 0.0376644736842105 0.0300575657894737 0.0127878289473684 0.107565789473684 0.00230263157894737 0.0103207236842105 0.0125822368421053 0.0430098684210526 0.0748766447368421 0.00579769736842105 0.00250822368421053 0.0290296052631579
"56" 0.127059316705093 0.00612031020750367 0.00528191154894152 0.108404946552086 0.0570530287151541 0.166464053657514 0.00674910920142528 0.0972961643261371 0.0151330957870467 0.0428002515195976 0.00150911758541186 0.0664850136239782 0.00674910920142528 0.0174386920980926 0.0610354223433242 0.0679522112764619 0.0843009851184238 0.00108991825613079 0.0360930622511004 0.024984280025152
"57" 0.0996526681401958 0.0117145563624882 0.017556046731923 0.0753394379538996 0.0867066624565835 0.130596779286391 0.00192611304073255 0.147173981686138 0.0275023681717714 0.0148721187243448 0.000347331859804231 0.141174613198611 0.000189453741711399 0.0112409220082097 0.0240290495737291 0.0516577202399747 0.111493526997158 3.15756236185665e-05 0.00318913798547521 0.0436059362172403
"58" 0.102298123550495 0.00742146320893949 0.00489141893316466 0.115580855998313 0.0567573265865486 0.131393632721906 0.00320472274931478 0.0837444655281467 0.0278726544381193 0.0314568838288003 4.21674045962471e-05 0.177988614800759 0.00404807084123972 0.010584018553658 0.0447396162766182 0.0816360952983344 0.0799493991144845 0.00299388572633354 0.015011596036264 0.0183849884039637
"59" 0.104376012965964 4.05186385737439e-05 0.0172609400324149 0.105591572123177 0.0666936790923825 0.141247974068071 0.00915721231766613 0.0982982171799028 0.0277957860615883 0.0239465153970827 4.05186385737439e-05 0.127674230145867 4.05186385737439e-05 0.0142220421393841 0.0573743922204214 0.0517017828200972 0.120380875202593 4.05186385737439e-05 0.0123987034035656 0.0217179902755267
"60" 0.0794960373907742 0.0120300751879699 0.0110140215403373 0.105507010770169 0.0360089412720992 0.150010160536476 0.00085348506401138 0.103474903474903 0.0295061979272506 0.0219874009347694 4.06421459053038e-05 0.115870757976021 0.00186953871164397 0.0140621824832351 0.0654744970534444 0.0965657386710018 0.113635439951229 4.06421459053038e-05 0.0173135541556594 0.0252387726071937
"61" 0.0989319620253165 0.00992879746835443 0.00755537974683544 0.104469936708861 0.0295094936708861 0.228283227848101 3.95569620253165e-05 0.164003164556962 0.0192246835443038 0.00656645569620253 0.0142800632911392 0.0255537974683544 3.95569620253165e-05 0.0198180379746835 0.101503164556962 0.0575949367088608 0.0692642405063291 3.95569620253165e-05 0.0192246835443038 0.0241693037974684
"62" 0.0899093417422152 0.0112731572723689 0.0203389830508475 0.110208908159243 0.0288135593220339 0.179779266850611 0.0122585731178557 0.212297989751675 0.0221127315727237 0.0114702404414663 0.0116673236105637 0.0232952305873078 3.94166338194718e-05 0.0138352384706346 0.115135987386677 0.0404414662987781 0.0638943634213638 0.00043358297201419 0.0152148206543161 0.0175798186834844
"63" 0.0804605602337171 0.000378071833648393 0.0259838460216532 0.0572606977143839 0.023062381852552 0.181680701151401 0.000206221000171851 0.17377556281148 0.0142979893452483 0.0153290943461076 0.00467434267056195 0.0191098126825915 0.000206221000171851 0.011032823509194 0.198006530331672 0.0572606977143839 0.0948960302457467 0.00192472933493727 0.0213438735177866 0.0191098126825915
"64" 0.0932307692307692 0.00136263736263736 0.0174065934065934 0.0993846153846154 0.0235604395604396 0.148175824175824 0.0235604395604396 0.190593406593407 0.0297142857142857 0.0246593406593407 0.0141098901098901 0.0072967032967033 4.3956043956044e-05 0.00136263736263736 0.139604395604396 0.0422417582417582 0.0633406593406593 0.00334065934065934 0.004 0.073010989010989
"65" 0.0783479860969127 4.08914332447352e-05 0.0513596401553874 0.105949703537109 0.0848906154160703 0.155223880597015 0.00924146391331016 0.123737476998569 0.0153751789000204 0.00985483541198119 4.08914332447352e-05 0.00556123492128399 0.00821917808219178 0.0288693518707831 0.170353710897567 0.0581067266407688 0.0538131261500716 0.00413003475771826 0.0149662645675731 0.0219178082191781
"66" 0.0960884702027442 4.09584271963957e-05 0.0174482899856646 0.20851935285685 0.0188818349375384 0.121687487200492 0.00597993037067377 0.118615605160762 0.013352447266025 0.0182674585295925 0.00352242473889003 0.00290804833094409 0.000860126971124309 0.00905181241040344 0.171042391972148 0.060249846405898 0.0762236330124923 0.00495596969076387 0.0219537169772681 0.0303501945525292
"67" 0.085632183908046 0.0139983579638752 0.0133825944170772 0.16568144499179 0.0277504105090312 0.132635467980296 0.00866174055829228 0.105747126436782 0.0410919540229885 0.0252873563218391 0.000451559934318555 4.10509031198686e-05 4.10509031198686e-05 0.0144088669950739 0.175533661740558 0.0854269293924466 0.0774220032840722 0.00927750410509031 0.00311986863711002 0.0144088669950739
"68" 0.072638036809816 0.00862985685071575 0.0307157464212679 0.301881390593047 0.0159918200408998 0.142167689161554 4.08997955010225e-05 0.0720245398773006 0.0333742331288344 0.0139468302658487 4.08997955010225e-05 0.0125153374233129 0.00065439672801636 0.0112883435582822 0.140736196319018 0.0750920245398773 0.0546421267893661 4.08997955010225e-05 4.08997955010225e-05 0.0135378323108384
"69" 0.0961397805770012 0.0106054449410809 0.0333604225924421 0.212352702153596 0.031938236489232 0.168671271840715 0.0108086143843966 0.0920763917106867 0.0360016253555465 0.0370174725721251 0.00308817553839902 0.00146281999187322 0.00572937830150345 0.0286875253961804 0.0762291751320601 0.0575375863470134 0.0800893945550589 0.000446972775294596 0.00755790329134498 0.0101991060544494
"70" 0.0724631751227496 0.00495090016366612 0.0340016366612111 0.128109656301146 0.0683715220949263 0.172504091653028 0.00658756137479542 0.0888297872340426 0.0407528641571195 0.011088379705401 4.09165302782324e-05 4.09165302782324e-05 4.09165302782324e-05 0.0380932896890344 0.107242225859247 0.0530278232405892 0.140793780687398 0.00965630114566285 0.00413256955810147 0.0192716857610475
"71" 0.0775416666666667 4.16666666666667e-05 0.010875 0.163166666666667 0.0317083333333333 0.129 4.16666666666667e-05 0.0665 0.0373333333333333 0.014625 0.014625 4.16666666666667e-05 4.16666666666667e-05 0.0519166666666667 0.0967083333333333 0.0610833333333333 0.09775 0.0123333333333333 0.00629166666666667 0.128375
"72" 0.0950274000405927 0.00531763750761112 0.021960625126852 0.176821595291252 0.0806170083214938 0.145768215952913 0.004505784453014 0.0463162167647656 0.0306880454637711 0.0142480211081794 0.00795615993505176 0.00105540897097625 0.000243555916379135 0.0676273594479399 0.0680332859752385 0.0921859143495027 0.10436371016846 4.05926527298559e-05 0.00998579257154455 0.0272376699817333
"73" 0.10721898250553 0.00325759099135331 0.0360345867685502 0.122300422280314 0.0961592600040217 0.170359943695958 4.02171727327569e-05 0.0945505730947114 0.0245726925397145 0.0173336014478182 0.00164890408204303 0.00285541926402574 0.0115021114015685 0.108023325960185 0.0300020108586366 0.0493062537703599 0.0762517595013071 0.00929016690126684 0.0123064548562236 0.0269857229036799
"74" 0.0777731092436975 0.0130672268907563 0.0166386554621849 0.148361344537815 0.0248319327731092 0.173151260504202 4.20168067226891e-05 0.105924369747899 0.0473109243697479 0.0260924369747899 0.0132773109243697 0.00298319327731092 0.00256302521008403 0.163067226890756 0.0456302521008403 0.0666386554621849 0.0397478991596639 0.00823529411764706 4.20168067226891e-05 0.0246218487394958
"75" 0.0865958725706271 0.00484872770987778 0.0062512522540573 0.109837707874174 0.0441194149469044 0.177559607293128 0.0214786615908636 0.0775796433580445 0.0343017431376478 0.0210779402925265 0.00484872770987778 4.00721298337007e-05 0.00805449809657383 0.15051091965538 0.0433179723502304 0.0910038068523342 0.0890002003606492 0.0138649569224604 0.000841514726507714 0.0148667601683029
"76" 0.0678734914689971 0.000457761131918435 0.00357885975863504 0.110112359550562 0.071618809821057 0.223096129837703 0.000249687890137328 0.107199334165626 0.0684977111943404 0.0119017894298793 0.000249687890137328 0.000665834373699542 0.00815647107781939 0.16421140241365 0.0266749895963379 0.0761964211402414 0.0422804827299209 4.16146483562214e-05 0.000665834373699542 0.0162713275072826
"77" 0.101391484942887 0.00128764278296989 0.0125025960539979 0.180311526479751 0.0299480789200415 0.146874350986501 0.00461059190031153 0.110529595015576 0.0245482866043614 0.0251713395638629 4.15368639667705e-05 0.000872274143302181 0.016656282450675 0.143551401869159 0.0228868120456906 0.072938733125649 0.0733541017653167 4.15368639667705e-05 0.0118795430944964 0.0206022845275182
"78" 0.0934681496461072 4.04448938321537e-05 0.0299696663296259 0.171931243680485 0.0222851365015167 0.176784630940344 4.04448938321537e-05 0.108028311425683 0.0412942366026289 0.0125783619817998 0.000849342770475228 0.000242669362992922 0.0148028311425683 0.180829120323559 0.00914054600606674 0.0516076845298281 0.069201213346815 4.04448938321537e-05 0.0048938321536906 0.0119716885743175
"79" 0.115589743589744 0.00362393162393162 0.0188376068376068 0.136273504273504 0.0229401709401709 0.122769230769231 0.0155897435897436 0.100376068376068 0.0410598290598291 0.00738461538461539 0.00362393162393162 0.00123076923076923 0.0188376068376068 0.134393162393162 0.0431111111111111 0.0296068376068376 0.149094017094017 0.0145641025641026 0.00841025641025641 0.0126837606837607
"80" 0.109098132697656 0.000635677393722686 0.00242352006356774 0.140286054827175 0.0804926499801351 0.135319825188717 0.00540325784664283 0.126777910210568 0.0226857369884783 0.0131505760826381 0.00897894318633294 3.97298371076679e-05 0.012554628526023 0.160746920937624 0.0131505760826381 0.0421533571712356 0.0741358760429082 3.97298371076679e-05 0.0129519268970997 0.0389749702026222
"81" 0.0851397121083827 0.00766299745977985 0.0366638441998307 0.0798475867908552 0.104826418289585 0.180609652836579 4.23370025402202e-05 0.0986875529212532 0.0254445385266723 0.0233276883996613 4.23370025402202e-05 0.00364098221845893 0.0129551227773074 0.145258255715495 0.0112616426756986 0.0506350550381033 0.105461473327688 4.23370025402202e-05 0.0135901778154107 0.0148602878916173
"82" 0.0869007021063189 0.0158876629889669 0.0572116349047141 0.0716549648946841 0.0588164493480441 0.186800401203611 0.00665997993981946 0.123410230692076 0.0221063189568706 0.0237111334002006 0.00264794383149448 0.00385155466399198 0.0174924774322969 0.170551654964895 4.01203610832497e-05 0.0327382146439318 0.0939217652958877 4.01203610832497e-05 0.00244734202607823 0.0231093279839519
"83" 0.110993052717613 0.0323252962811606 0.0296689824274622 0.142051491622395 0.0560277891295464 0.15042909685329 4.08663669799755e-05 0.114875357580711 0.0180220678381692 0.023334695545566 4.08663669799755e-05 0.00555782590927666 0.0315079689415611 0.143277482631794 0.00637515324887617 0.0460155292194524 0.0676747037188394 4.08663669799755e-05 0.0104617899468737 0.0112791172864732
"84" 0.118207973695027 0.0249075215782984 0.0247020139745171 0.133621043978627 0.0793670365803535 0.206987258528566 0.00209617755856967 0.108960131524866 0.0162762022194821 0.0109330045211673 4.1101520756268e-05 0.000863131935881628 0.0347718865598027 0.122934648581998 0.00127414714344431 0.0442252363337443 0.0510069872585286 0.000246609124537608 0.000246609124537608 0.0183312782572955
"85" 0.0806198347107438 0.0384710743801653 0.0376446280991736 0.143842975206612 0.0835123966942149 0.17504132231405 0.00479338842975207 0.101694214876033 0.0229752066115702 0.0105785123966942 4.13223140495868e-05 0.00334710743801653 0.0370247933884297 0.155413223140496 0.00293388429752066 0.0384710743801653 0.0558264462809917 4.13223140495868e-05 0.000247933884297521 0.00747933884297521
"86" 0.124679089026915 0.0491097308488613 0.0151552795031056 0.148902691511387 0.0321325051759834 0.177474120082816 0.00563146997929607 0.0921739130434783 0.0182608695652174 0.0155693581780538 0.00231884057971014 0.00169772256728778 0.033167701863354 0.129026915113872 0.000869565217391304 0.0696066252587992 0.0594616977225673 0.000248447204968944 0.00728778467908903 0.0172256728778468
"87" 0.144289340101523 0.147038917089679 0.0277495769881557 0.180456852791878 0.0216159052453469 0.15253807106599 0.000253807106598985 0.0719543147208122 0.0156937394247039 0.019077834179357 4.23011844331641e-05 0.00384940778341794 4.23011844331641e-05 0.0563028764805415 0.0137901861252115 0.0670896785109983 0.0660321489001692 4.23011844331641e-05 0.00109983079526227 0.0110406091370558
"88" 0.148694714131607 0.0731823085221143 0.01277238403452 0.113311758360302 0.0451348435814455 0.155814455231931 0.00824163969795038 0.135749730312837 0.0330528586839266 0.014066882416397 0.000906148867313916 0.00629989212513484 4.31499460625674e-05 0.0481553398058252 0.0427615965480043 0.0744768069039914 0.0483710895361381 0.00716289104638619 0.00220064724919094 0.0296008629989212
"89" 0.104356933389191 0.197360703812317 0.018475073313783 0.173271889400922 0.0207792207792208 0.151696690406368 0.00611646418098031 0.106451612903226 0.015123586091328 0.0180561374109761 0.00716380393799749 0.00297444490992878 4.18935902806871e-05 0.026644323418517 0.0130289065772937 0.0591118558860494 0.0327188940092166 0.0153330540427315 0.00883954754922497 0.0224549643904483
"90" 0.0930934656741108 0.0879239040529363 0.0312655086848635 0.168362282878412 0.0502894954507858 0.178494623655914 4.13564929693962e-05 0.122043010752688 0.0349875930521092 0.0130686517783292 0.00686517783291977 0.00210918114143921 0.00210918114143921 0.0399503722084367 0.0145161290322581 0.080893300248139 0.0413978494623656 4.13564929693962e-05 0.0105872622001654 0.0219602977667494
"91" 0.0663740715732613 0.136090479405807 0.0184334908845375 0.130182309250506 0.024510465901418 0.200573936529372 3.37609723160027e-05 0.103173531397704 0.0309250506414585 0.012018906144497 0.00087778528021607 0.000708980418636057 3.37609723160027e-05 0.0316002700877785 0.012694125590817 0.0974341661039838 0.0930452397029034 0.00155300472653612 3.37609723160027e-05 0.0397029034436192
"92" 0.100643020120307 0.126156399087326 0.01165733250363 0.150840074673304 0.0328147687201825 0.184650487450736 4.14851690520639e-05 0.123252437253682 0.030533084422319 0.0102053515868077 0.0195395146235221 0.000871188550093342 0.00273802115743622 0.0328147687201825 0.0102053515868077 0.0784484546774528 0.0664177556523543 0.000456336859572703 4.14851690520639e-05 0.0176726820161792
"93" 0.069239060142272 0.178745419271395 0.0157792627721492 0.148350937702091 0.0106057339943953 0.145979737012287 0.0149170079758569 0.128734641086441 0.0170726449665876 0.018150463461953 0.0103901702953223 0.00241431342961845 0.00521664151756844 0.0297909032118991 0.00413882302220306 0.063418840267299 0.0992024143134296 0.00758784220737228 4.31127398146152e-05 0.0302220306100453
"94" 0.116051465935457 0.127441468044716 0.0264079308162835 0.124910356464881 0.02092385572664 0.150221472263236 4.2185192997258e-05 0.150643324193208 0.023876819236448 0.00341700063277789 0.00447163045770934 0.0126977430921746 4.2185192997258e-05 0.0247205230963932 0.0217675595865851 0.039907192575406 0.0787175701328834 4.2185192997258e-05 0.00172959291288758 0.0719679392533221
"95" 0.065103220478943 0.148505367464905 0.0297605284888522 0.130999174236168 0.0376878612716763 0.178067712634187 0.00614368290668869 0.108208092485549 0.0129149463253509 0.0175392237819983 0.00151940545004129 0.018860445912469 0.00118909991742362 0.0157225433526012 0.017869529314616 0.0454500412881916 0.126209744013212 0.00366639141205615 0.00416184971098266 0.0304211395540875
"96" 0.0918297357272544 0.143272140407505 0.0194068993342748 0.180391365745411 0.0488601977002219 0.153964091184184 0.00629412951381884 0.096873108735122 0.0183982247327012 4.03469840629413e-05 4.03469840629413e-05 0.0194068993342748 0.000242081904377648 0.0173895501311277 0.0133548517248336 0.0567278595924955 0.0637885818035102 4.03469840629413e-05 0.00528545491224531 0.0643937865644543
"97" 0.0715867158671587 0.17880278802788 0.0133661336613366 0.132062320623206 0.00967609676096761 0.149487494874949 0.00516605166051661 0.107872078720787 0.0271012710127101 0.0137761377613776 0.0004510045100451 0.0223862238622386 4.10004100041e-05 0.0186961869618696 0.0025010250102501 0.0676916769167692 0.115662156621566 0.00557605576055761 0.0049610496104961 0.0531365313653136
"98" 0.0986609989373007 0.142656748140276 0.0221466524973433 0.10971307120085 0.0255472901168969 0.127141339001063 0.00365568544102019 0.0852709883103082 0.0181083953241233 0.0157704569606801 0.00620616365568544 0.0266099893730074 4.25079702444208e-05 0.0170456960680128 0.0157704569606801 0.0391498405951116 0.122890541976621 0.0104569606801275 0.019596174282678 0.0935600425079702
"99" 0.0954306169719941 0.10953885028427 0.0187829016635081 0.153337544746262 0.0248894504106128 0.167656348704991 0.00720151610865445 0.143440724363024 0.0232048852389977 0.0139397767951148 0.000252684775742262 0.020888608128027 0.000463255422194146 0.0156243419667298 0.0143609180880185 0.0371025479048221 0.0632133080648558 4.21141292903769e-05 0.0288902926931986 0.0617393135396926
"100" 0.0999129677980853 0.125587467362924 0.0100522193211488 0.132332463011314 0.0361618798955614 0.147563098346388 0.000261096605744125 0.177589208006963 0.0337684943429069 0.0231070496083551 0.00113141862489121 0.0185378590078329 4.35161009573542e-05 0.0196257615317668 4.35161009573542e-05 0.0609660574412533 0.0779373368146214 0.00265448215839861 0.0209312445604874 0.011792863359443
"101" 0.0877596566523605 0.0898197424892704 0.0123948497854077 0.112652360515021 0.0616652360515021 0.149047210300429 0.00432618025751073 0.134798283261803 0.0424377682403433 0.0242403433476395 0.00123605150214592 0.00896137339055794 0.00226609442060086 0.00861802575107296 0.0101630901287554 0.0692188841201717 0.104583690987124 0.000721030042918455 0.00775965665236052 0.0673304721030043
"102" 0.141939986043266 0.00795533845080251 0.0172598278669458 0.0989067224936032 0.0256338683414748 0.130309374273087 0.027727378460107 0.0961153756687602 0.00260525703652012 0.0109792975110491 0.103558967201675 0.0067922772737846 0.00120958362409863 0.0028378692719237 0.00818795068620609 0.0830890904861596 0.134961618981158 0.00842056292160968 0.0186555012793673 0.0728541521284019
"103" 0.0870425776754891 0.00395857307249712 0.0221403912543153 0.0815189873417722 0.0665592635212888 0.172658227848101 0.0106329113924051 0.0515995397008055 0.00257767548906789 0.00649021864211738 0.0697813578826237 0.0315765247410817 0.00142692750287687 4.6029919447641e-05 0.0124741081703107 0.114660529344074 0.169436133486766 0.00234752589182969 0.000276179516685846 0.0927963176064442
